mjd mag_A magerr_A mag_B magerr_B mag_C magerr_C mag_D magerr_D
57008.0353569 18.873170359078923 0.05304431060894347 19.087965163434916 0.06041550981027812 18.853699096006153 0.052464171886837184 19.381014680087375 0.07380142068501261
57008.0394209 18.759579986776505 0.04539768967291979 19.125870246719124 0.05426742251535328 19.01703291766725 0.05118536421289441 19.12492177934636 0.05423873958311071
57008.0434403 18.64900611435703 0.03951230722618753 19.12696549987035 0.049494504676534865 19.01429900507245 0.04656061904593519 19.08244382433191 0.048286195406818104
57008.0515023 18.74896346219297 0.03942085644284406 19.268954231784427 0.0514637830125661 19.039823037091423 0.04518197204872306 19.188781899123356 0.04906649639649111
57008.0555272 18.69062414889513 0.037648613051473254 19.174652558206297 0.04722137216068684 19.01411332392236 0.043361312667003875 19.11599733697752 0.04572098342842951
57008.0597119 18.722758295012987 0.03278464845738759 19.057929494513075 0.035901654347541806 19.067767999782216 0.03601837544068635 19.157313170293936 0.03715936130744938
57008.0639228 18.601852232484717 0.03627298187747628 19.060467297509568 0.04519567819702256 19.139645349273543 0.047326365896305594 19.099662879258833 0.04622525587160939
57008.0679823 18.585255669500484 0.03595549064656791 19.058170299035382 0.04468712621181836 19.08370485474881 0.04532627279059662 19.011062937933744 0.043559362855386835
57008.0720166 18.635927552838798 0.03760702917294991 19.048494005927733 0.045456300797874834 19.07181972985313 0.04603698953036635 19.03623387031363 0.045157736080794854
57008.0760385 18.572426843354805 0.035951007926840424 18.982932264477533 0.04326949776134898 19.09236857470097 0.04596441773552783 18.9600513849833 0.042750640454743735
57008.08006 18.580553043394318 0.0375300582441185 18.91410682004625 0.04344648385800683 19.041765021234035 0.04648161839744416 19.12459326802785 0.04872145890298485
57008.0841032 18.58053421958359 0.03599063332905865 19.01282067591369 0.0446536657386906 18.94495237488369 0.042963456634924964 19.136706290674496 0.048113544235687776
57008.0881272 18.550233546262675 0.036562237082500636 18.944210688571534 0.04374286008975639 18.913032877649982 0.04303121073955074 19.16524048434746 0.049644808929294716
57008.0921436 18.602021917790566 0.03540033719905806 18.929814565833723 0.04188528632162494 18.913258381417577 0.04149042343664645 19.05225509349322 0.04505986647819994
57008.096172 18.59652894408312 0.034876230917880995 18.8793492379343 0.0401422340042088 19.03975139208616 0.04406089543842385 19.05221628656495 0.04439775535958226
57008.1002092 18.572989137860095 0.03770423122887071 18.934465969386686 0.043958378564019074 18.974280004736883 0.044848312836060014 19.039826494514138 0.046414485930581305
57008.1042234 18.669268312534463 0.037214546911536174 18.984335072511783 0.04324463045213889 19.034967458470767 0.0444597599720649 19.039550784236283 0.04457352407901328
57008.1082457 18.58088596706558 0.034952753687444875 18.98483058173862 0.04228034589284409 18.99426499645881 0.04250076546322822 19.084103432146208 0.0447311873618997
57008.1122926 18.55948576087885 0.03540167419782929 18.990078983284235 0.0430378362620655 19.011186573840025 0.04353254150401609 19.100876206877054 0.045783016172346314
57008.1165182 18.663914582851096 0.042673706114929245 18.948214482943794 0.044604098377489694 19.031505329726578 0.045355209167941224 19.182883883685903 0.04699428232752103
57008.1247694 18.576521464381933 0.046599481344638954 18.900327322592965 0.051093474630951 18.99527149868721 0.05286809189604809 19.144519018990053 0.056177690381447196
57008.128795 18.564065398169635 0.044588210133980066 18.895283240199806 0.04929092717792646 19.02801526323229 0.05190059296857556 19.078082302158325 0.05301522498943032
57008.1328164 18.5709602721156 0.04499927531183436 18.938116110885375 0.05016295077575872 18.96680484887004 0.050694860167903186 19.133404668514498 0.05423878180258774
57008.1368453 18.55904063037915 0.042478941144803724 18.958447715428502 0.048582050097453436 18.991763073045746 0.049263895095460794 19.11243003338386 0.05200466667516595
57008.1408689 18.563060513094833 0.04635293581504287 18.906946631802835 0.05114851175505801 18.960352894401147 0.05213453825214736 19.084582985672544 0.054734495847512894
57008.1448883 18.55382555089217 0.04677560518960087 18.869533071712173 0.05106729112978457 18.938709832430778 0.05230523183911511 19.17974388202702 0.057682810296505335
57008.1489087 18.534538387852535 0.04605365633529949 18.91324363872181 0.051417950485260495 18.927073204071107 0.05167566146956025 19.162635349973247 0.056914372905185494
57008.1529257 18.579848996522042 0.0498975856809781 18.884743152303074 0.05397825668870664 18.949139348405254 0.05510487520450319 19.12332388002165 0.05872695704226361
57008.1569684 18.580792379403746 0.04646282461622477 18.90927072416732 0.051319666355565244 18.914081364077653 0.05140944997750882 19.15414956145834 0.0567396073313528
57008.1650153 18.587488978197236 0.04853459502767747 18.88212057253106 0.05302102193789413 18.873804683856214 0.05286613159208349 19.179490112236817 0.05991276626183935
57008.1690417 18.560746616888913 0.04587754458922006 18.86424058877304 0.05047171771587083 18.853421172643895 0.05027095050414393 19.18188424334001 0.057903900323341244
57008.1771387 18.583412123254504 0.049121814789659914 18.836470727135776 0.052987198542303285 18.887703043252735 0.053958668553345183 19.159993795511035 0.060451285582291896
57008.1813523 18.626726444226477 0.02831258602707221 18.910405707278336 0.03160492103300387 18.944884732527626 0.03209809861153058 19.24856848026384 0.03752053693671372
57008.1855861 18.571006778350537 0.03680240317104979 18.82684844367006 0.041757031377172904 18.850598476814604 0.042303535659048076 19.132266024385956 0.050115568094763384
57008.1896615 18.579776899124283 0.03774174307062385 18.795207339971174 0.041893427175137596 18.862951025777107 0.043451900976567474 19.158000461641507 0.051924954007752995
57008.1936849 18.542216517570917 0.03721513070384634 18.824259305276563 0.04266052987691756 18.88187042648702 0.044032932558525535 19.129549665196286 0.05113476556503661
57008.1977089 18.58102090241911 0.03727003355945002 18.82295644861113 0.042062948348745244 18.87260896446837 0.0432398619368201 19.146102220595687 0.05112163634488773
57008.2017303 18.571696242098536 0.03681642544316987 18.860074731451412 0.0425639204498228 18.85332809972575 0.04240429610851037 19.113873281531266 0.049600274882908954
57008.2057575 18.572262441783064 0.036743226521287115 18.820271725065723 0.04152094619898354 18.84063085476913 0.04198391020228358 19.206177376360657 0.052513147468536504
57008.2097744 18.578368542773948 0.036584958271104175 18.86662715772399 0.04247282987523522 18.87561969246459 0.042692520786151794 19.18696099155663 0.05190822992525861
57008.2137897 18.55554280863109 0.03715668594417015 18.851522740001688 0.04310551997493185 18.91179139155789 0.04461037760254949 19.177312868741605 0.0526633598236422
57008.2178242 18.615102468502513 0.037953332718353966 18.8117577838133 0.04211738359617107 18.872702388856222 0.043625827767237065 19.17782249098729 0.053008616974698955
57008.2218525 18.546951011676658 0.038121618597601034 18.874929525213776 0.04474688276357386 18.849070458726683 0.04411846960276438 19.192002384682795 0.05424809530260436
57008.2258691 18.56318539912055 0.03759410676080215 18.82814886538295 0.04301789158252411 18.84450594833926 0.043415301570282935 19.188571048374865 0.0538084070053143
57008.2298905 18.58754169230306 0.03731939101296079 18.85111137861179 0.04302202974108088 18.826658687794797 0.042412124044081796 19.198546478702283 0.05382482723238241
57008.233917 18.613488587998315 0.03903358023029302 18.87374562447768 0.044670643066757686 18.85227791317051 0.044133429011750665 19.193597305918345 0.05450360295336677
57008.2379349 18.57453858586075 0.036888313873938684 18.85730591798555 0.04303844146569028 18.839019996490933 0.04257353506603988 19.22126676777577 0.05462442758551844
57008.2421599 18.63437020135758 0.02997575286136869 18.982811147521403 0.034227321893655356 18.940806620071577 0.03360132663409707 19.27676767048657 0.0396966783332848
57008.2463465 18.60059518767892 0.03898359716279743 18.93176976221787 0.0464683017298567 18.90389430855099 0.045714406575728825 19.186925632094084 0.05462472751182119
57008.2504054 18.63319411152556 0.0388199096528079 18.877189933142144 0.044259048181036376 18.881203268627154 0.044362797142671134 19.194875363353425 0.05415715818714958
57008.2544334 18.592903825553638 0.038762539309711526 18.909657447588984 0.04577053482685952 18.867728807379766 0.044677795433541445 19.2331833493799 0.05624768446760666
57008.2584688 18.58835652872333 0.037864129018059293 18.924747753594 0.04551412894929903 18.890445581146416 0.04458355886418339 19.210615870537175 0.05485934076143122
57008.262493 18.572664865279936 0.038830296440467975 18.898017922259164 0.0461212961126995 18.863490911905547 0.04520182366763398 19.18037897270922 0.05519217626201545
57008.2665195 18.602039651711486 0.039807681643406534 18.90523248374746 0.04695928176844365 18.872619343179046 0.046057337887807734 19.154018690720168 0.055074387593182055
57008.2705373 18.602181543788237 0.040908925559189374 18.938530636323904 0.049270686585998 18.894203826657808 0.04796493990304202 19.198883151752458 0.0584203031603089
57008.2745757 18.602883568316706 0.04047634594077456 18.91077961935594 0.04804641701238209 18.930721173742434 0.04863978522278951 19.161271956384656 0.056566372186084395
57008.2786007 18.56731686570715 0.03975018731570621 18.882070080455435 0.047354421355167105 18.879769576358385 0.04728775816038096 19.14845236682841 0.0563754975680902
57008.2826434 18.625528407758832 0.040506411015736904 18.87831711305556 0.04692461978922222 18.90890386953498 0.04783879660511948 19.169907627655252 0.057046422955191946
57008.2866715 18.59103981349375 0.04044746838079724 18.89724093497645 0.04820722493470577 18.95001922342985 0.0498512255579606 19.14122244695002 0.056686445790230605
57008.2906948 18.64012227003615 0.041404521450374605 18.897613219700062 0.048156246542160906 18.922040448663466 0.04890900603195852 19.182892160706267 0.058358099712991905
57008.2987498 18.633752425617438 0.04063667148950227 18.948635751399998 0.049519470306479636 18.943694914368454 0.04935425070444586 19.172690845185166 0.058012906039665746
57008.3029711 18.617024986706816 0.04119130392958535 18.87790806870082 0.04829376463992869 18.918592852999808 0.049605906985271474 19.134777527141313 0.05764433097097305
57008.3070413 18.585468780733848 0.040801287428426494 18.928049771922907 0.05027360811279542 18.922029038037174 0.05007295923342945 19.120853250735944 0.05744667981268241
57008.3110612 18.617461756067573 0.04242684881594678 18.908147402582802 0.05065122176982087 18.910266014031556 0.05072182180602293 19.152741550496614 0.05998095956678258
57008.3150944 18.583240944855145 0.041196427624602384 19.00190764476221 0.05382022460756054 18.980860745866366 0.05303525001835476 19.14153481240382 0.05949484072405993
57008.319118 18.627625493333937 0.0430921204156329 18.99103027951064 0.054594442314599256 18.979952980091934 0.05417136734101543 19.148562179058 0.06117654569236171
57008.3231382 18.63098737332288 0.04446078508088219 18.963111283863224 0.05503062287897237 18.946664803803998 0.0544100165561832 19.152397438267194 0.06301025875469286
57008.7842306 18.51603427117904 0.0670121165409272 18.833558600685866 0.08546464460332386 18.956487411254585 0.09426623720306435 19.282199326856325 0.1229829711147248
57008.7878784 18.61268452367098 0.06029100058353132 18.910322315081572 0.0750160911505555 19.014524011049186 0.08130023457973466 19.199872766010344 0.09415134184030732
57008.7915368 18.60435067487346 0.05270922941896008 18.818972239010407 0.06153494100362715 18.991131006983224 0.07015297780334534 19.22170545027589 0.0842057222428835
57008.7988455 18.575679990130368 0.044799157976510774 18.807173906021468 0.053158736308728964 18.986830571357558 0.06113380207462314 19.16581973118429 0.07058481208102184
57008.8024998 18.577778618444093 0.04862400695011158 18.732157884003854 0.05394521487138508 18.91573753278871 0.061532245944285 19.138098604723005 0.07284295678723408
57008.8064032 18.63738537155822 0.036718225094772586 18.872839390401225 0.04144388702400209 19.06572495043449 0.04646340580962114 19.307979530000175 0.054548169093929705
57008.8102254 18.639140308206017 0.04962152866707197 18.88617277604112 0.05821388989132718 19.0549018750429 0.0655635688932967 19.142953477728664 0.06994287869940509
57008.8175344 18.61121680620772 0.04898829447171664 18.876539081037144 0.05781015117620607 19.03357977260931 0.06439805555439464 19.17662913595201 0.07142464812156607
57008.8211911 18.590780815652238 0.04559099043952275 18.845391740838917 0.05407508998826791 19.038761548523276 0.062248777440752995 19.144688636454674 0.06745705171601567
57008.8322179 18.597089804061273 0.04683239282936749 18.866656603095635 0.05588851855928185 19.050095924207323 0.06374486914047418 19.17162988647236 0.06982649243284428
57008.8358826 18.626872786236433 0.04986210752512044 18.844204868815844 0.05699002388319804 18.97929206200064 0.06238493113175323 19.14848935468916 0.07034012905418556
57008.839532 18.578493688003043 0.04671254397454217 18.8441117898792 0.05538185857505619 19.078019199967695 0.06539558855131111 19.222134927569044 0.07287637720426392
57008.8432023 18.570938583973927 0.04621331413807339 18.80482922006715 0.05362413591618622 19.04524327750495 0.06350437430055837 19.1556441944873 0.06893683199018877
57008.8468567 18.635911459780967 0.04747650557219712 18.95326765871372 0.05893233515606111 19.000596094988886 0.060997749309022964 19.208710970939233 0.07135442316497975
57008.8505106 18.564013496461108 0.045995997985760546 18.819795290265912 0.05404672017705175 18.929956020382754 0.05828627690436582 19.212322284856825 0.07167504339425149
57008.8541621 18.590982495779414 0.04568869931653488 18.794514808125275 0.05215756362520655 18.940183409881154 0.05775703991211778 19.386914442269777 0.08116158639321248
57008.857823 18.588633791247062 0.04739665499427357 18.901996927037793 0.057726678073531 19.001062442998204 0.061814805325522075 19.258664026990033 0.07465046417658568
57008.8614755 18.600028516694785 0.04573054606978709 18.886644873563608 0.05542954331215653 18.97776651208745 0.05919387755526686 19.172797743449486 0.0685319285100124
57008.8651206 18.6187230234602 0.046210802699637156 18.874844124140395 0.05496450542907432 19.017019148766337 0.06095994312960569 19.218059805026968 0.07105493746206393
57008.8690696 18.54872036826319 0.03341408177603879 18.954732708712164 0.04088678877817047 19.01711502154676 0.042405552191665405 19.316379431492123 0.051412908807594825
57008.8728868 18.622878773457987 0.04953563789506634 18.88939370541196 0.05840929130703542 19.00717280660873 0.06325932659413347 19.22964729301156 0.07424344942547755
57008.8765411 18.52128330439464 0.04576041151922009 18.87167015872245 0.05675133211526374 18.919216711163262 0.058606869141886175 19.232490728948644 0.07346063776690233
57008.8801997 18.549984298116136 0.04689858897283829 18.834138951640483 0.055565457714531474 19.020131101809735 0.06295448540842055 19.226742186792514 0.07306855207279407
57008.883859 18.538046613016597 0.04599275796027366 18.854036753787582 0.05568540491322641 18.98632035032397 0.0608913191288394 19.225118606345667 0.07234856436582889
57008.887519 18.538590888724375 0.04518788075486992 18.917002326748054 0.05734769916572701 19.024047170687638 0.06181718192717373 19.281477447987246 0.07482310478499911
57008.8911719 18.58980744198565 0.046424666274454594 18.83319935981922 0.05394990942789309 19.013834550109394 0.061020703834251865 19.212226888691294 0.07050698672703533
57008.8948305 18.572725568739003 0.04696580172620423 18.819664496597976 0.05428091884613299 18.89568548755684 0.05698897712230132 19.17984157332166 0.06935587314340232
57008.8985153 18.588956744229186 0.047632425058802524 18.9022755916278 0.057597344662255835 18.94450662458689 0.05923360373299569 19.16099204638162 0.06889571440815488
57008.9021869 18.572686478412766 0.04739635232010993 18.87630592653174 0.05683877478741605 18.999405350139348 0.061699673690229835 19.18995525327137 0.0706090799611766
57008.9058384 18.558136704860193 0.045564695859997756 18.860738658499837 0.05501611152888154 18.947447790332472 0.05836971453919073 19.14013018097869 0.06702289326486587
57008.909484 18.56239304450778 0.04592529674679171 18.872848462525205 0.05556504819433555 19.001060399626446 0.06063737495881674 19.177785483472377 0.06885959789623583
57008.9131394 18.5664928498004 0.04680494556031272 18.821680221283042 0.05445453839206217 18.997236321105945 0.061171210686443135 19.20071866631951 0.07071444013744936
57008.9167999 18.532559090532892 0.044167120581410535 18.82755198639194 0.05304969285263273 18.877372941235336 0.054863734296106345 19.139762833373567 0.06617888465438222
57008.920477 18.529526906087593 0.046458802056789456 18.811062700706238 0.054232163796626 19.02112659923644 0.06196299145788933 19.184728141100972 0.06935175910761641
57008.9278322 18.580884481454483 0.04552840236155339 18.86991458447641 0.05445190362873899 18.98168430831426 0.058756669358360894 19.160060162923955 0.06677737104683192
57008.9317043 18.642329047538993 0.034729156404849686 18.89728843243845 0.03923074729285223 18.91654314739364 0.03963375491791734 19.332602934706344 0.05102086048992057
57008.9355922 18.57007961709769 0.04627410579503132 18.860134804322108 0.05506838066310018 18.944977408396035 0.05824224803198441 19.157265476358496 0.06758072839385541
57008.9392554 18.571455090345058 0.047569112646512236 18.869578891142787 0.05640821349443661 18.943032783980513 0.059102415707284535 19.15909690727127 0.0684174719589531
57008.942906 18.51940502150511 0.0447155099394559 18.88642758241411 0.05558274680509184 19.00836490958753 0.06032354213341555 19.197182569023212 0.0689972668947722
57008.9465664 18.57955122198687 0.046807983704572814 18.900746694533204 0.056702988715285486 18.94722357174859 0.058461360459936544 19.20187658717782 0.06982861210393382
57008.9502207 18.54482129593204 0.04726312499139077 18.845876840151575 0.055819145840141395 18.963720953197832 0.06009147356173732 19.16337368659639 0.06873591284167903
57008.9538737 18.53024514065561 0.04339669053467906 18.86193302829749 0.05325824804561395 18.895230144356987 0.05446808658116858 19.203347999331157 0.06794311738374458
57008.9575328 18.536464472725235 0.044532592878040365 18.894493877884237 0.055001289460244844 18.97108684859477 0.05785719042068995 19.15165100664074 0.0656044136638287
57008.9611907 18.57030459873493 0.045640253824320284 18.854681363117315 0.05391128578258883 19.023232078941362 0.060249923363601424 19.18833959529266 0.06768318949525688
57008.9648409 18.548923150950326 0.04468481844780924 18.836631458339525 0.053014268620401296 19.014904286839382 0.05972477371680036 19.17662547555387 0.06702544607784965
57008.9684996 18.579371874571507 0.046061924225374085 18.868611721465733 0.054723456552288434 19.006591737574837 0.05997693800233697 19.12299415946893 0.06506061808138902
57008.9721559 18.58629807359035 0.04572281174634556 18.92677112480005 0.056230802700929255 18.94428119285845 0.0568893852062946 19.228940131459716 0.06952270811188671
57008.9794745 18.54202942137207 0.04627175156396977 18.882660419603376 0.056326074101493095 18.948332510751932 0.05876597707663603 19.11326458903769 0.06572857725734131
57008.9831239 18.537213709443225 0.045351470335840534 18.869856916150137 0.055342881410541805 18.953708393160706 0.0585195964206732 19.194257105565896 0.06938655526645329
57008.9868408 18.52679584561456 0.04594808116543342 18.929906101989122 0.058357741881354154 18.92540686150297 0.05818504762468023 19.192878578918485 0.0700550752577165
57008.9941662 18.562541037182143 0.04684373828312637 18.89023888271307 0.056977418672121916 19.04733304355336 0.06334295096749397 19.175012088172338 0.06936310132811752
57009.0019357 18.543712418783684 0.045257763178171075 18.86137272487064 0.05564757854374351 18.92743985937174 0.05830079574336041 19.181762183886804 0.0703847103797052
57009.0055949 18.591264122912918 0.04662907063477876 18.889799314597404 0.05664012432017238 18.961872571170886 0.05958769202035726 19.15918418217442 0.06888212208713668
57009.0129177 18.5952936506702 0.04877003273720048 18.933225487696863 0.060623449277995796 19.015284656702256 0.06422703640612883 19.180351308173982 0.07247476855936724
57009.016598 18.529147330948952 0.04635659652973089 18.919228773957723 0.059996773506550326 18.957889592723767 0.06168899886031014 19.108004474080083 0.0689351321732725
57009.0202648 18.571378163490692 0.047005370581488876 18.89410313510968 0.058737447684553405 18.975977285325033 0.06240457842776866 19.218480978413446 0.07520348364677462
57009.0275932 18.593199851127828 0.04976861257446293 18.836836072505385 0.0589521592947796 19.00788276790894 0.06694772540517478 19.19455863739128 0.07737389559821614
57009.0308932 18.440250113721262 0.05792989124269627 18.94515383266305 0.084465170994837 18.932089457865466 0.08359851561728067 19.230222497129184 0.10626370885169843
57009.0349108 18.587507297829774 0.051088500325271326 18.914350035186185 0.06442225064744102 18.988668417197502 0.06813543899290353 19.161349855256372 0.07789014786615583
57009.0350146 18.449867226044006 0.0479072164383572 18.989979042667606 0.06779418747986636 18.94311897507958 0.06556357802012426 19.309733699341585 0.08620747422311202
57009.0385675 18.552664629654615 0.051083782930328454 18.89791515624667 0.064788554912626 18.964165069958455 0.0680372287887518 19.19277134111875 0.08104761279626328
57009.0390511 18.502060453684724 0.043013852778649476 19.03291291452205 0.05817247289927921 18.838601155527872 0.05148393538920243 19.288670964814592 0.06947105972410639
57009.0422301 18.562372833023023 0.051333920975121336 18.883088804780762 0.0640122326525843 18.976813698524353 0.06859985161328086 19.15936229868613 0.0788685546333627
57009.043069 18.564740180286048 0.041770057389676894 19.03078306197776 0.053690995514834354 18.862019830854138 0.04857004572782328 19.379025407692723 0.06790329208673733
57009.0458908 18.565195436446803 0.05293344155886177 18.93121529752819 0.06799389391787379 18.95381275352919 0.0691288818658083 19.16541298531552 0.08110456457807627
57009.0471141 18.484965571082373 0.037907450876751084 19.046222651253508 0.05110796122552672 18.952166450807827 0.04822228306587226 19.3063505155888 0.06087010288010897
57009.0495521 18.599653626620285 0.0534714352705691 18.91299856664422 0.06667920082991671 18.97106901306809 0.06963493044757117 19.200426807431718 0.08311650395306755
57009.0511329 18.50128094558457 0.03781048910338777 18.95278008710222 0.047754258715359856 18.855632842620864 0.04512052839663061 19.216388539259288 0.05658396484011809
57009.0534789 18.605140637235266 0.05429634723719396 18.920882835933895 0.0676576879164729 18.96381376342104 0.06983967907810497 19.239501614555703 0.08629859055297051
57009.0553484 18.652323440038774 0.03687674540553805 18.999458285008153 0.042037550400044726 19.0230589240559 0.04248548338430591 19.36651561581236 0.05078824982073028
57009.0571273 18.6330584986199 0.05563371512257668 18.93075186916989 0.06895823064934913 19.01992559127049 0.07380203194075541 19.272218320693916 0.09000593476070817
57009.0595579 18.51789562127632 0.038099691117539934 18.997486747250615 0.04905758321159457 18.85297736676262 0.04504903369246935 19.28567462678514 0.05932649595297701
57009.0611341 18.63902199726315 0.05493563401076885 18.892885988008782 0.06660307817043869 18.992320181617483 0.07203059809169772 19.2361175626014 0.08771418195706987
57009.0636404 18.5291116011144 0.037914559071321796 18.955944588653768 0.047326601352511176 18.87829568463132 0.04522429466253059 19.266036131436508 0.05786755992514422
57009.0650508 18.617707537609753 0.05832740450096915 18.848556183803584 0.0683765353556602 18.998762785561123 0.07634720733174288 19.216701466974015 0.09024644611001557
57009.0676583 18.493051187833288 0.03836377230184979 18.946373437985418 0.047690643893557746 18.84405195353184 0.04508959850663496 19.28191666305581 0.0587966542099381
57009.0687102 18.62135622258336 0.05827092535592275 18.94096275435713 0.07334950648842192 18.961526088274734 0.07449875644584512 19.188923325382667 0.08887109784810758
57009.0723651 18.676029449331956 0.06230544033926696 18.92510234763906 0.07429437321196133 18.922371406252026 0.07414539208262842 19.09775586710751 0.08459005914877062
57009.0757084 18.561797070977732 0.038727730542894426 18.919498327466698 0.04654758951801338 18.84511700682235 0.04462182468150249 19.323365527820663 0.06044591514633952
57009.0760284 18.539675006290004 0.058569629009782465 18.863945069670507 0.07309722282886529 18.914478348512446 0.07584297130719471 19.32558273420441 0.10406548771514681
57009.079706 18.55843349587612 0.06953272089588346 18.89734555358642 0.08428614539953565 19.181340903560063 0.10182266861225223 19.225029804386782 0.10501571190433848
57009.0797308 18.590978099449 0.04356948345920274 18.83790101010739 0.04839074520489658 18.861991976758656 0.04895182686016153 19.19157969701586 0.058597176675561184
57009.0833598 18.62103693072551 0.06866142701597268 19.001925029753153 0.09107596040520351 18.91282077009787 0.08504708577637769 19.125611378663038 0.10034311943412075
57009.0837531 18.56813829031522 0.042949622608323926 18.89022561397963 0.04930130794106397 18.885769473095106 0.04919360182245686 19.32139680236785 0.06307226083519407
57009.0878199 18.612040659882116 0.04359706117807205 18.84932393450721 0.04832445514785008 18.888685566134143 0.04926248289148345 19.254338520233105 0.060547786327261266
57009.0958952 18.598590093267333 0.04577181688159039 18.852117433377483 0.05080823040585814 18.892948795377716 0.05179215575260305 19.219670430461907 0.06178210093397125
57009.0999118 18.530960254127464 0.04017472398179787 18.818400818762534 0.04597914577311995 18.900383050609733 0.04806501770788537 19.217688366742927 0.058357451047324746
57009.1039548 18.517437519166766 0.03900504565848137 18.849915270567713 0.04579591310578851 18.880232250112563 0.046569802641223144 19.22851506328027 0.05775775175110203
57009.1081191 18.607219100718844 0.034714347470697286 18.963245700780362 0.0398929421914365 18.991934300138983 0.040429157736200406 19.39293605824261 0.05033891964974543
57009.1123301 18.539580763673136 0.03840877081264501 18.85382147213381 0.04486272631680684 18.837764418043278 0.04446704188707787 19.25524244066046 0.05761721633087085
57009.1164081 18.55290029309316 0.040128792071026015 18.872508359629247 0.04674068590422784 18.90188833040085 0.047494854621646654 19.231559897291227 0.058033740154259085
57009.1204258 18.554070982049847 0.038844859995013886 18.816777707551136 0.04421977340711857 18.849430782807225 0.04502134521830503 19.218762198124463 0.05659986861429877
57009.12446 18.530162180766897 0.04143837629912735 18.879109514055138 0.04818679631202908 18.80450364315446 0.04646929563442524 19.235147873982356 0.05896734508459395
57009.1284895 18.57530514105196 0.03929132887752588 18.870571267028126 0.0454094254381142 18.905747207305467 0.046302490191280764 19.26007173504546 0.0576938824679438
57009.1325032 18.59926175782203 0.04219740692165401 18.856602719405497 0.047479775192154225 18.87582326193465 0.047949853444242255 19.182858907721602 0.05716878878789383
57009.1365246 18.607258117427847 0.04252712156672052 18.90032095175998 0.048617060058323114 18.922994794088222 0.049191978033270106 19.22533886842112 0.05858488101784868
57009.1405567 18.57351615550636 0.03909905536818027 18.870996027733636 0.04539076383544409 18.904402052060412 0.046255076463707676 19.239111761291678 0.05705912639999934
57009.1445992 18.590549216290245 0.04135880000130228 18.869926706207302 0.04714474664342904 18.856432362565776 0.046814652173847844 19.220769557269975 0.05792091900191016
57009.148633 18.57387768157546 0.04634524456227404 18.81382118134625 0.05060856366551125 18.893308235443172 0.0523635647371666 19.191831017296213 0.060840200746710364
57009.1526576 18.566462391084123 0.04963053471976871 18.827261545115633 0.05403936947380246 18.88817817629395 0.055328060807277354 19.17436191929513 0.06301970308971189
57009.1607927 18.526434173850724 0.047430625002798654 18.824871245623243 0.05245323907451479 18.878942992275718 0.0536127046682423 19.16390621028843 0.061310834924656464
57009.1648391 18.565568768881562 0.03979278953020542 18.884948781537457 0.04649578783264228 18.89082116859586 0.046646245850867483 19.215415638193953 0.056822509219268506
57009.1688586 18.567692011509294 0.041129582121730894 18.84805096241852 0.04660131976141249 18.886774322959774 0.047527497177211955 19.184291577944755 0.05632013551981432
57009.1730716 18.66908647867971 0.04160734862308321 18.955711582927954 0.04483598626806902 18.995493890707984 0.04540301122604763 19.336944919881507 0.05182837700622107
57009.1772729 18.591953191624526 0.04779484099792808 18.847389845773222 0.052312018797081354 18.882414175482957 0.0530674929160602 19.181255890219727 0.06115807970205052
57009.1813376 18.57724735618129 0.04778273152264482 18.827449636479628 0.05205543301228469 18.892338501364783 0.053432868127791494 19.18330613581448 0.061303152438501145
57009.1853584 18.54533029377566 0.04689810451253092 18.820330600612856 0.051535700824423686 18.899647595398246 0.0532422962073871 19.18461129650671 0.061082786168890436
57009.1934284 18.543390964705587 0.052768163843473055 18.84128596813953 0.05732582995316297 18.911046585358566 0.058714749478828605 19.17581313883435 0.06540331426516632
57009.1974545 18.543103652851222 0.0490958660168961 18.83114146457291 0.05381355577042559 18.912151260165874 0.05553018688057961 19.19869762656544 0.06334560449972956
57009.2014772 18.511238007873477 0.04749302736255816 18.839231464523678 0.05282216940716558 18.902762318276388 0.054174588573628744 19.169947698171406 0.06130463857525276
57009.2095357 18.535236475122797 0.045146209614004264 18.850130817918263 0.050624351650942055 18.88467483461977 0.051384374100105 19.19146343419725 0.059865424458614584
57009.2135575 18.54580617704775 0.04521848623479191 18.85462627719526 0.050613297910846344 18.862445055032346 0.0507822546372002 19.252681661710035 0.0618095850376313
57009.2175833 18.592718486247257 0.04401327673388092 18.84795747192596 0.04865026300300062 18.85624186072979 0.048829585311956365 19.209292227092526 0.058547679113911115
57009.2216103 18.627190651619344 0.04030305809033621 18.889552097670993 0.04565818581192131 18.882981626781707 0.04550084283822668 19.218958018232687 0.05538431955699661
57009.2256273 18.606868735033654 0.038885125029375765 18.86144106825436 0.04409350143664785 18.843520340405703 0.043669228328104895 19.224464852735863 0.054957583184828115
57009.2296517 18.605028166478725 0.03915764527298296 18.871692223464276 0.04472659735277486 18.80731733445048 0.04320466918469922 19.30908320495122 0.058776425013823526
57009.233891 18.676298354330207 0.038162263329270855 18.93484134174567 0.04136818399315238 18.93251039594052 0.041333622734230656 19.382264976838005 0.05049382323024463
57009.2380996 18.576087255154054 0.03885383899498923 18.881955830629536 0.04523855270590808 18.86705177079188 0.0448670286441529 19.21131399759141 0.05536185719544696
57009.2421663 18.585287932293 0.03928953894904575 18.832742622450986 0.04427787771869762 18.88633636793975 0.04558114803853931 19.19856128243043 0.0550763544226033
57009.2461954 18.641010096329097 0.041718169416950585 18.902984287353895 0.04726515168743448 18.818370070170417 0.04526398735339365 19.26742105628312 0.058664929308195994
57009.2502205 18.596133887214524 0.0408385030263079 18.88999621671821 0.04690476239416272 18.83841061759731 0.045666333729762275 19.266352431182547 0.05869525706565936
57009.2542481 18.55624567140495 0.03838513016864169 18.838480502539962 0.04435008072244333 18.818561977924716 0.04385659217026655 19.26002875802171 0.057980757422581936
57009.2582661 18.594949294043456 0.03924339907669528 18.874833129153124 0.04569851873934659 18.852175376110015 0.04509018653668548 19.256016400461633 0.05867646167957474
57009.2622933 18.587453232478897 0.039549332539515474 18.846973364350674 0.0454598491958997 18.885515055065017 0.0465083437902405 19.252112464296577 0.059156934734454714
57009.2663118 18.55895186458651 0.040223379520567475 18.821225224123964 0.04593274124694437 18.78924332672159 0.04513144776299566 19.254106828634846 0.060317450618927314
57009.2703304 18.588947492486877 0.039488724675446826 18.803148329132235 0.04443201961858056 18.85160168294332 0.04573910678709212 19.307304246510608 0.06222541531196616
57009.2783707 18.559011696345856 0.04099723733216234 18.804921476327266 0.046642889839506166 18.877374771132608 0.04865853935471141 19.171904669947025 0.05882539162430701
57009.2864263 18.542611037075535 0.0450549643759158 18.794714738035307 0.050580701825649284 18.819724415769173 0.05123410604265286 19.18816932375283 0.06355116891605911
57009.2904465 18.520788717730806 0.04551672942775778 18.799557350370282 0.05174343046034151 18.867538900232457 0.053632867728615356 19.225440018513623 0.06655608543018113
57009.2946755 18.544557983659434 0.0446178990106896 18.798301812222498 0.05069747456170082 18.830043149224153 0.05160323978532249 19.194523600869736 0.06481102349242437
57009.2987372 18.57033491444127 0.04644023242431352 18.838676731634564 0.05318108557200508 18.85381079413765 0.053632965661137615 19.249335991127353 0.0687595030344874
57009.3027591 18.55770036329442 0.04549091202485861 18.79063109412443 0.05141679767762227 18.863794131904278 0.05365575554655658 19.283690906666063 0.07080942221943091
57009.3067944 18.56888225206447 0.04400690623668991 18.79605677440701 0.05017129289952504 18.87663391507728 0.05278481821578246 19.221895056588686 0.06701846417905628
57009.310817 18.568600733830586 0.042773635132811946 18.832867283244845 0.05024091044245366 18.88100028643046 0.051861819604660846 19.320114402499797 0.07120350051727997
57009.4558195 18.73374727452797 0.06592218946009798 18.85181081258498 0.07218523471019862 18.754338780743776 0.06696269192941882 19.35349834565882 0.10817519861224531
57009.4594807 18.642958698012993 0.07192513535538267 18.78287863056163 0.07986269443255622 18.786727475106424 0.08009699685972903 19.38357319969135 0.12889373603716398
57009.463134 18.618950722429247 0.04276623622192458 18.849910868333374 0.04899228833446172 18.7130152447886 0.045097814484860006 19.460259337056232 0.07554543535026205
57009.4667942 18.746930727831582 0.044845477401293306 18.740289050850087 0.04466509430462353 18.755474363888574 0.04507958093392648 19.432604359494874 0.07263475821395998
57009.4741126 18.626868101501433 0.043254447275706674 18.842208256131062 0.04898994158756095 18.775918578746925 0.04706531710008687 19.41317135080463 0.07289177485687975
57009.4777723 18.652487336184137 0.04348851376564815 18.89418650362758 0.05043667071510799 18.796643996039272 0.04739711664993526 19.43154542398672 0.07427619240591712
57009.4814255 18.71566310118683 0.052294825584784 18.77020505082427 0.05435653392586393 18.74182722915095 0.053268995695566396 19.495967577750086 0.09567069451225443
57009.485086 18.6605477388391 0.04931849400671901 18.799574852358496 0.05412296597784454 18.80082229065613 0.05416946463618346 19.368163396231704 0.08287268159102575
57009.4887445 18.643062261280228 0.04248924539569045 18.992792211861847 0.05315719501262664 18.80643787674262 0.046951293251936595 19.353915588946265 0.0692921594722293
57009.4960641 18.514342655960764 0.04060329083531752 18.994743301003723 0.05415200268828592 18.79484391122464 0.04758365309947704 19.195669807337296 0.06236596223961957
57009.4997201 18.60585899780098 0.04112393055003477 18.87111325033996 0.04869409594047918 18.866177152248575 0.04853167587047566 19.331006842629016 0.06819125865317306
57009.50338 18.547610952226 0.041018346401679034 18.970064213829165 0.05267266878534394 18.698279575377995 0.0445236254214825 19.33864572400554 0.06841478615063457
57009.5071895 18.72489837221854 0.03603374888390143 18.85008437964903 0.0380347355428188 19.00635841613441 0.041041114507565396 19.458274650011422 0.053762560622559075
57009.5146836 18.567569919922967 0.039663937647767385 18.995827451913136 0.052414609452914644 18.900704877486042 0.04903909909216714 19.269469414610107 0.06421076524179412
57009.518339 18.595370585983993 0.041707489822096426 18.885470863741016 0.04977443060254926 18.936200305448622 0.051480118232775325 19.152817837337132 0.05991309213845308
57009.5220004 18.661754219386314 0.042504748088464064 18.86542893641051 0.048361465040884725 18.806963468113477 0.04653965543504082 19.23323293447897 0.0628609851639559
57009.5256559 18.61503118006 0.042751864130015735 18.915880863569964 0.05130929242761295 18.891197149630315 0.05049033460418646 19.300765920659174 0.06733927804129675
57009.5293173 18.64038241104373 0.0435360992152707 18.830177088377184 0.04873296583729872 18.748843111747757 0.04636304728722667 19.385536107079638 0.07198644916253175
57009.5329778 18.603390784838226 0.04254327320908154 18.84216592408179 0.048956849151464615 18.832455439382308 0.04865952183607886 19.33723399119131 0.06915033435938654
57009.5403649 18.548207404809222 0.04059695858788066 18.85246957081926 0.048690080899507174 18.91421752228047 0.05070747892752164 19.158927350018164 0.06017260814957508
57009.5440299 18.608576833271158 0.042431056640245046 18.813506299646324 0.04783351881630616 18.776623539234087 0.04676227902414233 19.35870810269141 0.06993141350966388
57009.5514474 18.674591490701182 0.042779068425722884 18.848868224070955 0.04763829456676734 18.768523605813506 0.04527632461956034 19.291208402323363 0.06507538351730711
57009.5587604 18.54910408775146 0.03903644564264307 18.822191565243447 0.046098659770171496 18.815553296056017 0.04589938261923565 19.35838269588111 0.06787865361322047
57009.5624283 18.630434302741968 0.041348485357785 18.789601028424038 0.045559050436370686 18.6868533305233 0.04275227902643737 19.360159759409065 0.06837668404730883
57009.5660855 18.683891814115185 0.04376411482959885 18.87603935852347 0.04922580321674839 18.74140987990362 0.045272793995652684 19.39599872671191 0.0712732559651788
57009.5697616 18.590655280141483 0.04210976879537849 18.93350735396573 0.051863240298341336 18.884183053457843 0.05021263213435245 19.279591340780122 0.06626735406303653
57009.5736084 18.70527049479515 0.03531772976655685 18.990239637635806 0.040206830784878814 18.896783093140506 0.03839851890624977 19.274364333792086 0.04718142818748029
57009.5774186 18.59400794261629 0.040850856355240744 18.846452271944393 0.047942555755193066 18.742512568700896 0.04477450923291996 19.35147555582119 0.06942969322352699
57009.5884038 18.636403370243034 0.04297993954878758 18.89064362804426 0.050422278250932324 18.86318248342539 0.049511332622078755 19.31311898086897 0.0683668178232026
57009.5957835 18.685893208170256 0.04315320101300217 18.756859208012706 0.045138118968279434 18.79767540437799 0.046354101932656266 19.269116379406988 0.06502537092937756
57009.5994413 18.672592084284947 0.04424334314755761 18.763152691249044 0.04661973603655025 18.69415041264778 0.04478585731418992 19.445005354583262 0.0747310886463304
57009.6030977 18.65973051688338 0.04351981792868644 18.87177110943687 0.04969110913877585 18.745522359440315 0.04583708961304354 19.37762210580347 0.0716083539722586
57009.6067606 18.625858148637807 0.042674945140391836 18.793191062521384 0.04711348687211515 18.74474830830607 0.045737294454008016 19.205431359992318 0.06237105470515355
57009.6104216 18.583346810873454 0.04193198942674939 18.884135432831023 0.0504788708811745 18.80914737664692 0.04806466675194051 19.258972406538547 0.06594374914395756
57009.6140768 18.621679894615973 0.04417106622263174 19.021625779191883 0.05691505648393334 18.803146034869567 0.04924268682181052 19.261748060202358 0.0676946703626997
57009.617737 18.660580014155418 0.0434586962556639 18.968918185355093 0.05318922509393468 18.966123748407092 0.05308540438641754 19.138323662588114 0.0600891107267113
57009.6213927 18.651924022126906 0.044944282527984145 18.9578416076362 0.05443737924224664 18.834874929605235 0.05021962217184919 19.352206605841825 0.07237513898618003
57009.6250531 18.66219284757868 0.04513382623522846 19.21176028679794 0.06529155751366128 18.835517405978983 0.050229396848206535 19.159246518394326 0.06281455392919538
57009.6287129 18.669195248651068 0.04448594207724527 18.87778883556143 0.05090649623133643 18.823366906912433 0.049084083737020404 19.386939255704352 0.07408035900530022
57009.6323766 18.660806217158353 0.04381773612688987 18.978234373318426 0.05443860277155523 18.918671649879364 0.05215961154525854 19.269266967223246 0.06780467507541693
57009.647354 18.52822983760193 0.041450475850240295 19.101632091263212 0.060434518596489545 18.772589348084153 0.04809261884897319 19.77117085307148 0.10235964369305088
57009.6584263 18.24877387092566 0.03575946766719196 19.377895717981627 0.07276549195417974 19.14496477386279 0.06104718556913208 19.938231950180135 0.11429118721009437
57009.6620849 18.626721043433772 0.04298870982056082 18.836202684184578 0.049002169824392254 19.102553517996764 0.058966691877875003 19.317646715425333 0.0692890931674462
57009.6694025 18.6510665258874 0.04737558765461999 18.774956429433033 0.050714321108181554 19.016787946198125 0.05882980475831996 19.436607644494128 0.07916890826688294
57009.691392 18.653839459623008 0.04333211015896389 18.949018269623295 0.054443416757019934 19.087777631705197 0.06088403912795557 19.40267518731119 0.07901110914303615
57009.698707 18.480462315791158 0.04183810227504936 19.112941542256067 0.06542041720371769 18.829417276041905 0.052897977246634406 19.75486588734593 0.11012311356289455
57009.7062149 18.74622092079137 0.05227606541025847 19.018959798329263 0.063775919375915 18.914012086795047 0.05896394108049512 19.362782813774096 0.08351684930050593
57009.7098852 18.531048695548638 0.047571905395308846 19.02736716664302 0.06631987191497539 19.01747443191789 0.0658406410841757 19.50320772439683 0.09586987953715659
57009.7818217 18.643890767277405 0.08647276105220765 18.908848085845605 0.10654046023677324 18.916881975951526 0.10722973736525818 19.15222652875794 0.12980300547407092
57009.7855041 18.643730739225784 0.07079511660989628 18.982335839574908 0.0904346248040597 19.000575591085987 0.09169454334304987 19.260370354370487 0.11224227961375548
57009.7891562 18.611333254847537 0.061851914441907886 18.839920030505176 0.07132824173576534 19.006483624533914 0.07990835178858202 19.219569012377598 0.09329059093197266
57009.796476 18.573651153448566 0.05633356070287788 18.900094164971122 0.06660322761736984 18.961949919564066 0.06905555965257752 19.300784816382958 0.0860019370677619
57009.8079298 18.62226472523566 0.05663610768454808 18.840468020415187 0.06277001982603495 18.985073556088555 0.06787309452294617 19.176694744236876 0.07613824573087843
57009.8115716 18.61181213272883 0.05880230566185855 18.784505329112264 0.06311493138807252 18.95691659841783 0.06852693873099856 19.220641311111027 0.07940166759401436
57009.8152333 18.556809829585266 0.057671806027748636 18.847651198188196 0.06501756174935007 18.942907832799584 0.06810753382380819 19.15108212391782 0.07627877321091055
57009.8188844 18.603641072133193 0.06086283756700831 18.841488253920325 0.06687519144242399 19.000910752521577 0.07211658989328944 19.23415841715612 0.08192881289937377
57009.8225476 18.596524858891254 0.06304910554951244 18.838152095077852 0.06874287161694996 18.955163554403143 0.07226201353243705 19.225811932011517 0.0827597028753751
57009.826213 18.60674958265763 0.06500300052972535 18.833991536120614 0.07023934959909973 18.916427686671064 0.07259137948411189 19.16267454621385 0.08136145112806262
57009.8298941 18.60287161004417 0.06745769848714894 18.846998106264838 0.07280093010985685 18.972047278474903 0.07634876845067724 19.223546144531692 0.08556377040425883
57009.8335538 18.601189715280547 0.06776053648280345 18.838507027523143 0.07277047944502049 18.92415727923489 0.07504398919920338 19.22398109035433 0.08545056244732901
57009.8372196 18.577123509551498 0.07020316439654281 18.818806070126147 0.0748230573774351 18.879553936761283 0.07626976770612641 19.125068000113423 0.08356649103314981
57009.8408945 18.602795593903682 0.07301971426632166 18.81323713235969 0.07703619767725978 18.95962625281149 0.08067140804348988 19.148622352267036 0.08662976193598343
57009.8445417 18.597488547607483 0.07459517231122512 18.786775442985636 0.07799693899790597 18.976524857938696 0.08253127613493941 19.131473188296564 0.08726893305576175
57009.848205 18.618619446834757 0.0761829030073021 18.809881952895985 0.0797260301374525 18.9334901763021 0.08262400611637857 19.19837023489007 0.09086842033059213
57009.8518621 18.58890519215347 0.07858298476893823 18.82073469613057 0.0826533954135951 18.975802690086304 0.08629892390927728 19.154075443475666 0.09164374195322607
57009.8741931 18.59827088774046 0.08709149514848816 18.848005688762864 0.09141035479938249 18.98778409699588 0.09466511089821329 19.11586008335098 0.09830526736655783
57009.8888962 18.61902281996081 0.08840628044734684 18.782028128301455 0.09104384488703317 19.00162747877647 0.09584420991643995 19.055175633688137 0.09727730068045046
57009.8962156 18.665819338553455 0.08671500284161184 18.840224788369454 0.08983856144679032 19.061674041822208 0.09522116529754908 19.060572067898057 0.09518974999250586
57009.9035311 18.678383943199016 0.08550638147905984 18.786678896513443 0.08728509412172668 19.08316080430397 0.09399222358839796 19.020575035947118 0.0923169366668066
57009.9181685 18.640571465625566 0.07648589967697164 18.801317250511122 0.07931013354752539 19.046470130230837 0.08517932027271069 19.075473482435328 0.08602262662353485
57009.9255066 18.57144232921744 0.07135489347206711 18.808882533866225 0.07551336552085214 18.965140832191697 0.07918039375843906 19.101300757581704 0.0831203228937773
57009.9331733 18.622025373899284 0.06806082799027645 18.822621818069614 0.07212515566633464 19.020840959866522 0.07748032055021194 19.081977317275143 0.07945068631560091
57009.9478176 18.573710406473975 0.06093687592513105 18.866587270324533 0.0676505342251735 19.019628863102596 0.07239098712290913 19.126902812093174 0.07632102952116439
57009.9624434 18.613285150670173 0.05433385221471497 18.888215127167392 0.062182549048830874 18.956003951297483 0.0645691366864353 19.155643842775845 0.07281383349640043
57009.9661016 18.577529759229808 0.05191532206992656 18.92378886600494 0.062215187600858785 18.93743851954692 0.06271723014395741 19.185690206138677 0.07335826149426797
57009.9697524 18.60183712827466 0.05187636890039092 18.914446254085007 0.06162822388197029 18.94331369070233 0.0627258985812428 19.168932420997496 0.07264906051224687
57009.9734226 18.59833580470974 0.0518692358039196 18.91356220933918 0.06183610958679356 18.985373729966817 0.06467399572319191 19.110620633369717 0.07020334312674383
57009.9770737 18.521005036913117 0.04823642083733636 18.84623765883934 0.058087311963454374 18.96562903399667 0.06274634193843688 19.130135338648028 0.07024761340044931
57009.980727 18.553229345353465 0.049338711682458986 18.906905945324162 0.06070631889499032 18.965207980572565 0.06306656589810845 19.195443113739493 0.07398485793768815
57009.9880843 18.58141100381178 0.0494265020364167 18.914069820892955 0.06060192388139831 18.956513473369593 0.062354323587556146 19.155328094772997 0.07170806850542516
57009.9919545 18.584014205203516 0.03656571644005211 18.89105120479292 0.0430945145016901 19.019724983632543 0.046632578703266266 19.256734505715208 0.054651747405835865
57009.999417 18.616867576761244 0.050140682086810356 18.899502210494994 0.05984516581608274 18.935982890222952 0.06133706265608191 19.12878337273001 0.07026213854914667
57010.003094 18.56824921717407 0.048590111625307734 18.90721023495805 0.059983181491008154 18.946796216031764 0.061618955086730695 19.141572219914615 0.07074891498499968
57010.0067491 18.56788483159476 0.04804173451265531 18.87683633728438 0.05868619128665181 18.912911101412384 0.06018168020991079 19.16040595516718 0.07210478761534737
57010.0140697 18.588281334228476 0.048471461996858686 18.893628662964378 0.05931324821377931 18.933227071523934 0.06100141973424683 19.14891288501903 0.07151241745015252
57010.0177316 18.57095818417509 0.04755962971434629 18.821579278712214 0.056059060893781085 18.992409716330773 0.06332481276372291 19.08481699193992 0.06782336740306084
57010.0213897 18.582780089151818 0.049810349838687824 18.890555465745663 0.060712124216648934 18.960767865029936 0.0637597516677427 19.184374708399456 0.0750886695251495
57010.025082 18.58529222788659 0.04893293239324584 18.82648867481129 0.057234316168173115 18.954003355285792 0.06259123810471591 19.125374087418734 0.07100489271722067
57010.0287368 18.612625643600744 0.050545331032435636 18.919930459825583 0.06201175856920192 18.931449406415556 0.06252025291524099 19.151284494967936 0.07347740547675036
57010.0324138 18.584273737215177 0.0510759293091932 18.932564450859882 0.0640002054505942 18.962022566164038 0.06533654092589103 19.138786780708358 0.07427463025547731
57010.0360698 18.608910927169287 0.05035448527412235 18.887520769521906 0.06098714416457658 18.94828309392907 0.06375302848140214 19.14903152224081 0.07419828718638873
57010.0397234 18.571363953136892 0.04930634812178467 18.848243163039637 0.059536631015491503 19.037313317478347 0.06845054340085728 19.133574524424958 0.07368254229387448
57010.0433919 18.626502374893292 0.05197006364573369 18.86103759039873 0.061192437267582056 18.93788762313273 0.06474351059516416 19.164826645590978 0.07698029565219393
57010.0470542 18.628282741430304 0.051743778004823125 18.977963547448176 0.06664059840376564 18.979131296587013 0.06669981646015868 19.141141330965276 0.07561103067421557
57010.0507081 18.590500619196547 0.051562498826615316 18.94936761740883 0.06670602822466795 18.982306419095103 0.0683961112514975 19.148047886194362 0.07778147788627927
57010.0543665 18.569855007227027 0.05230034255404303 18.842783837639143 0.06331786841207453 18.956204099831837 0.06890088965970316 19.13958754080072 0.07936965174540388
57010.0582444 18.53406075144256 0.10998214838390914 18.821838088588045 0.11590465569134593 18.927871520253355 0.1188484434643354 19.166852651132025 0.12745346845943847
57010.0655835 18.615563225685513 0.05673834364667476 18.827001689196912 0.0661065761367169 19.020381526160257 0.07662236425236063 19.111761623041197 0.08232462723474987
57010.0692566 18.580258201208558 0.06861155928106152 18.910450311885775 0.08179531731475796 18.96623016498727 0.0845830216188876 19.06636218394762 0.09005128117359548
